2 
2 
2 
2 
2 
1 -12550
2 -12550
3 -12550
2 
1 -12550
2 -12550
3 -12550
2 
2 
2 
2 
2 
1 -12550
2 -12550
3 -12550
2 
2 
2 
2 
1 1250
2 1250
3 1250
1 1250
2 1250
3 1250
1 1250
2 1250
3 1250
2 
1 0
2 0
3 0
Fix: 0 -12550
2 
2 
2 
2 
2 
2 
2 
2 
1 850
2 850
3 850
2 
2 
1 -1050
2 -1050
3 -1050
2 
2 
1 1250
2 1250
3 1250
2 
2 
1 0
2 0
3 0
Fix: 0 -12550
1 0
2 0
3 0
Fix: 0 -12550
1 -1050
2 -1050
3 -1050
2 
1 0
2 0
3 0
Fix: 0 -6850
1 -5050
2 -5050
3 -5050
1 -1050
2 -1050
3 -1050
2 
1 0
2 0
3 0
Fix: 0 -6850
2 
2 
2 
1 0
2 0
3 0
Fix: 0 -6850
2 
2 
2 
2 
2 
2 
2 
2 
2 
2 
2 
2 
1 -1050
2 -1050
3 -1050
2 
2 
2 
2 
2 
2 
2 
2 
1 1250
2 1250
3 1250
1 -7050
2 -7050
3 -7050
1 -1200
2 -1200
3 -1200
1 -7050
2 -7050
3 -7050
2 
1 -7050
2 -7050
3 -7050
1 -4050
2 -4050
3 -4050
1 -7050
2 -7050
3 -7050
2 
2 
2 
2 
1 1250
2 1250
3 1250
2 
2 
1 -12550
2 -12550
3 -12550
2 
1 -4050
2 -4050
3 -4050
2 
2 
2 
2 
2 
2 
1 -12550
2 -12550
3 -12550
1 -12550
2 -12550
3 -12550
2 
2 
2 
1 -12550
2 -12550
3 -12550
1 -12550
2 -12550
3 -12550
1 -12550
2 -12550
3 -12550
1 -12550
2 -12550
3 -12550
1 -1050
2 -1050
3 -1050
1 -12550
2 -12550
3 -12550
2 
1 -12550
2 -12550
3 -12550
2 
1 -12550
2 -12550
3 -12550
1 -12550
2 -12550
3 -12550
1 -12550
2 -12550
3 -12550
1 -12550
2 -12550
3 -12550
2 
2 
2 
2 
2 
2 
2 
2 
2 
2 
2 
2 
2 
2 
2 
2 
2 
2 
2 
2 
2 
1 -12550
2 -12550
3 -12550
2 
2 
2 
2 
2 
2 
2 
2 
1 -12550
2 -12550
3 -12550
1 -1050
2 -1050
3 -1050
2 
2 
1 -12550
2 -12550
3 -12550
2 
2 
2 
2 
2 
2 
2 
2 
2 
2 
2 
1 -1050
2 -1050
3 -1050
2 
2 
2 
1 -1050
2 -1050
3 -1050
2 
2 
2 
2 
2 
2 
1 -12550
2 -12550
3 -12550
2 
2 
2 
2 
2 
2 
2 
2 
2 
2 
2 
2 
2 
2 
2 
2 
2 
2 
2 
2 
2 
2 
2 
2 
2 
2 
1 -1050
2 -1050
3 -1050
2 
2 
2 
2 
2 
1 -7699
2 -7699
3 -7699
2 
2 
2 
2 
2 
2 
2 
1 -7050
2 -7050
3 -7050
2 
2 
2 
2 
2 
1 -1200
2 -1200
3 -1200
2 
2 
2 
2 
2 
2 
1 -1050
2 -1050
3 -1050
2 
2 
2 
2 
2 
1 1250
2 1250
3 1250
2 
2 
2 
2 
2 
2 
2 
2 
2 
1 -1200
2 -1200
3 -1200
2 
2 
2 
2 
2 
2 
2 
2 
2 
2 
2 
2 
2 
2 
2 
2 
2 
2 
2 
2 
2 
2 
2 
2 
2 
2 
2 
2 
2 
2 
2 
2 
2 
2 
2 
2 
2 
2 
2 
2 
2 
2 
2 
2 
2 
2 
2 
2 
2 
2 
2 
2 
2 
2 
2 
2 
2 
2 
1 -550
2 -550
3 -550
2 
2 
2 
2 
2 
2 
2 
2 
2 
2 
2 
2 
2 
2 
2 
1 -6550
2 -6550
3 -6550
2 
2 
2 
2 
1 -12550
2 -12550
3 -12550
2 
2 
2 
2 
2 
2 
2 
2 
2 
2 
2 
1 -1050
2 -1050
3 -1050
2 
1 -1050
2 -1050
3 -1050
2 
2 
2 
2 
1 -3050
2 -3050
3 -3050
2 
2 
2 
2 
2 
2 
2 
2 
2 
2 
2 
2 
2 
2 
2 
2 
2 
2 
2 
2 
2 
2 
2 
2 
2 
2 
1 -250
2 -250
3 -250
2 
2 
2 
2 
2 
1 -250
2 -250
3 -250
2 
2 
1 1250
2 1250
3 1250
2 
2 
2 
2 
2 
2 
2 
2 
2 
1 1250
2 1250
3 1250
2 
2 
2 
2 
2 
2 
2 
2 
1 -12550
2 -12550
3 -12550
2 
2 
1 -12550
2 -12550
3 -12550
2 
1 -250
2 -250
3 -250
2 
2 
1 -250
2 -250
3 -250
1 -12550
2 -12550
3 -12550
1 -250
2 -250
3 -250
2 
2 
2 
2 
2 
2 
1 -4050
2 -4050
3 -4050
2 
2 
2 
2 
2 
2 
2 
2 
2 
2 
2 
2 
2 
2 
2 
2 
2 
2 
2 
2 
2 
2 
2 
2 
2 
2 
2 
1 1250
2 1250
3 1250
2 
2 
2 
1 -2050
2 -2050
3 -2050
2 
1 -1050
2 -1050
3 -1050
1 -7050
2 -7050
3 -7050
1 -650
2 -650
3 -650
2 
1 1250
2 1250
3 1250
1 -2550
2 -2550
3 -2550
1 -12550
2 -12550
3 -12550
1 -2550
2 -2550
3 -2550
1 -4050
2 -4050
3 -4050
2 
1 -4050
2 -4050
3 -4050
2 
2 
2 
2 
1 -250
2 -250
3 -250
2 
2 
2 
1 -250
2 -250
3 -250
1 -12550
2 -12550
3 -12550
2 
2 
2 
2 
2 
2 
2 
2 
2 
2 
2 
2 
2 
2 
2 
2 
2 
2 
2 
2 
2 
2 
2 
2 
2 
2 
2 
2 
2 
2 
2 
2 
2 
2 
2 
2 
2 
2 
2 
2 
2 
2 
1 -1050
2 -1050
3 -1050
2 
2 
2 
2 
2 
2 
2 
2 
2 
2 
2 
2 
2 
2 
2 
2 
2 
2 
2 
1 -12550
2 -12550
3 -12550
2 
2 
2 
2 
2 
2 
2 
2 
2 
1 -12550
2 -12550
3 -12550
1 -12550
2 -12550
3 -12550
2 
2 
2 
2 
2 
1 -8050
2 -8050
3 -8050
2 
2 
2 
1 -8050
2 -8050
3 -8050
2 
2 
2 
2 
2 
2 
2 
1 -250
2 -250
3 -250
2 
1 -1050
2 -1050
3 -1050
2 
2 
2 
1 -12550
2 -12550
3 -12550
2 
1 -1050
2 -1050
3 -1050
2 
1 -12550
2 -12550
3 -12550
2 
2 
1 -8050
2 -8050
3 -8050
2 
1 -6550
2 -6550
3 -6550
2 
1 1250
2 1250
3 1250
2 
2 
2 
1 -8050
2 -8050
3 -8050
2 
1 -12550
2 -12550
3 -12550
2 
1 -12550
2 -12550
3 -12550
2 
1 -1050
2 -1050
3 -1050
2 
2 
1 -8050
2 -8050
3 -8050
2 
1 -12550
2 -12550
3 -12550
2 
2 
2 
2 
1 -1050
2 -1050
3 -1050
2 
1 -50
2 -50
3 -50
1 -7699
2 -7699
3 -7699
2 
2 
2 
1 -12550
2 -12550
3 -12550
2 
1 -5050
2 -5050
3 -5050
2 
2 
2 
2 
2 
2 
1 -4050
2 -4050
3 -4050
2 
2 
2 
2 
2 
2 
2 
2 
2 
2 
2 
1 1250
2 1250
3 1250
2 
2 
2 
2 
2 
2 
2 
2 
2 
2 
2 
2 
2 
2 
2 
2 
2 
2 
2 
1 1250
2 1250
3 1250
2 
2 
2 
2 
2 
2 
2 
1 -12550
2 -12550
3 -12550
2 
1 -1050
2 -1050
3 -1050
1 1250
2 1250
3 1250
1 1250
2 1250
3 1250
1 -1200
2 -1200
3 -1200
1 500
2 500
3 500
1 1250
2 1250
3 1250
1 1250
2 1250
3 1250
2 
1 1250
2 1250
3 1250
1 1250
2 1250
3 1250
2 
1 1250
2 1250
3 1250
1 1250
2 1250
3 1250
1 1250
2 1250
3 1250
1 -4050
2 -4050
3 -4050
1 -12550
2 -12550
3 -12550
1 1250
2 1250
3 1250
1 1250
2 1250
3 1250
1 -250
2 -250
3 -250
2 
2 
2 
2 
1 -12550
2 -12550
3 -12550
2 
2 
2 
2 
2 
2 
2 
1 -12550
2 -12550
3 -12550
2 
2 
2 
2 
2 
2 
2 
2 
2 
2 
2 
2 
2 
2 
2 
2 
2 
2 
2 
2 
2 
2 
2 
2 
2 
2 
2 
2 
2 
2 
2 
2 
2 
2 
2 
2 
2 
2 
2 
2 
2 
2 
1 -2050
2 -2050
3 -2050
2 
2 
2 
2 
2 
2 
2 
2 
2 
2 
2 
2 
2 
2 
2 
2 
2 
2 
2 
2 
2 
1 -550
2 -550
3 -550
1 -550
2 -550
3 -550
2 
2 
1 1250
2 1250
3 1250
1 1250
2 1250
3 1250
2 
1 -3050
2 -3050
3 -3050
2 
2 
2 
2 
2 
2 
2 
2 
2 
2 
2 
2 
2 
2 
2 
2 
2 
2 
2 
2 
2 
2 
2 
2 
2 
2 
2 
2 
2 
2 
2 
2 
1 -1050
2 -1050
3 -1050
2 
2 
2 
2 
2 
2 
2 
2 
2 
2 
2 
2 
2 
2 
2 
2 
2 
2 
2 
2 
2 
2 
2 
2 
2 
2 
2 
2 
2 
2 
2 
2 
2 
2 
2 
2 
2 
2 
2 
2 
2 
2 
2 
2 
1 0
2 0
3 0
1 0
2 0
3 0
2 
2 
2 
1 0
2 0
3 0
2 
2 
2 
2 
2 
2 
2 
2 
2 
2 
2 
2 
2 
2 
2 
2 
2 
2 
2 
2 
2 
2 
2 
2 
2 
2 
2 
2 
2 
2 
2 
2 
2 
2 
2 
2 
2 
2 
2 
2 
2 
2 
2 
2 
2 
2 
2 
2 
2 
2 
2 
2 
2 
2 
2 
2 
2 
2 
2 
2 
1 -12550
2 -12550
3 -12550
1 -1200
2 -1200
3 -1200
1 -12550
2 -12550
3 -12550
2 
2 
2 
2 
2 
2 
2 
2 
2 
2 
2 
2 
2 
2 
2 
2 
2 
2 
2 
2 
2 
2 
2 
2 
2 
2 
2 
2 
2 
2 
2 
1 -7050
2 -7050
3 -7050
2 
1 1250
2 1250
3 1250
2 
2 
2 
2 
2 
2 
2 
1 -6550
2 -6550
3 -6550
2 
2 
2 
2 
2 
2 
2 
2 
2 
2 
2 
2 
2 
2 
2 
2 
2 
2 
2 
2 
2 
2 
2 
2 
2 
2 
2 
2 
2 
2 
2 
2 
2 
2 
2 
2 
2 
2 
2 
2 
2 
2 
2 
2 
2 
2 
2 
2 
2 
2 
2 
2 
2 
2 
2 
2 
2 
2 
2 
2 
2 
2 
2 
2 
2 
2 
2 
2 
2 
2 
2 
2 
2 
2 
2 
2 
2 
2 
2 
2 
2 
2 
2 
2 
2 
2 
2 
2 
2 
2 
2 
2 
2 
2 
1 -12550
2 -12550
3 -12550
2 
2 
2 
2 
2 
2 
2 
2 
2 
2 
1 -1050
2 -1050
3 -1050
2 
2 
2 
2 
2 
2 
2 
2 
2 
2 
2 
2 
2 
2 
2 
2 
2 
2 
2 
2 
1 -5050
2 -5050
3 -5050
2 
2 
2 
1 -1050
2 -1050
3 -1050
2 
2 
2 
2 
2 
2 
2 
2 
2 
2 
2 
2 
2 
2 
2 
2 
2 
2 
2 
2 
2 
2 
2 
2 
2 
2 
2 
2 
2 
2 
2 
1 -4050
2 -4050
3 -4050
2 
2 
2 
2 
2 
1 -12550
2 -12550
3 -12550
1 -7050
2 -7050
3 -7050
2 
2 
2 
2 
2 
2 
2 
2 
2 
2 
2 
2 
2 
2 
2 
2 
2 
2 
2 
2 
2 
2 
2 
2 
2 
2 
2 
2 
1 -4050
2 -4050
3 -4050
2 
2 
2 
2 
2 
1 -12550
2 -12550
3 -12550
2 
2 
2 
2 
2 
2 
2 
2 
2 
2 
2 
2 
1 -1200
2 -1200
3 -1200
2 
2 
2 
2 
2 
2 
2 
2 
2 
2 
2 
2 
2 
2 
2 
2 
2 
2 
2 
2 
2 
2 
2 
2 
2 
2 
2 
1 -4050
2 -4050
3 -4050
2 
2 
2 
2 
2 
2 
1 -12550
2 -12550
3 -12550
2 
2 
1 -250
2 -250
3 -250
2 
2 
2 
2 
1 -12550
2 -12550
3 -12550
1 -1200
2 -1200
3 -1200
2 
2 
2 
2 
2 
2 
2 
2 
2 
2 
2 
2 
2 
2 
2 
2 
2 
2 
2 
2 
2 
2 
2 
2 
2 
2 
2 
1 -250
2 -250
3 -250
1 -1050
2 -1050
3 -1050
2 
2 
2 
2 
2 
2 
2 
2 
2 
2 
2 
2 
2 
2 
2 
2 
2 
2 
2 
2 
2 
2 
2 
2 
2 
2 
2 
2 
2 
2 
2 
2 
2 
2 
2 
2 
2 
2 
2 
2 
2 
2 
2 
2 
2 
2 
2 
2 
2 
2 
2 
2 
2 
2 
2 
2 
2 
2 
2 
2 
2 
2 
2 
2 
2 
2 
2 
2 
2 
2 
2 
2 
2 
2 
2 
2 
2 
2 
2 
2 
2 
2 
2 
2 
2 
2 
2 
2 
2 
2 
2 
2 
2 
2 
2 
1 1250
2 1250
3 1250
2 
2 
2 
1 1250
2 1250
3 1250
1 1250
2 1250
3 1250
2 
2 
2 
2 
2 
2 
2 
2 
2 
2 
2 
2 
2 
2 
2 
2 
2 
2 
1 -7050
2 -7050
3 -7050
1 1250
2 1250
3 1250
1 1250
2 1250
3 1250
1 1250
2 1250
3 1250
2 
2 
1 -7050
2 -7050
3 -7050
2 
2 
2 
2 
1 1250
2 1250
3 1250
2 
1 -12550
2 -12550
3 -12550
2 
1 -250
2 -250
3 -250
2 
2 
2 
2 
2 
2 
2 
1 -250
2 -250
3 -250
2 
2 
2 
2 
2 
2 
2 
2 
2 
2 
2 
2 
2 
2 
2 
2 
2 
2 
2 
2 
2 
2 
2 
2 
2 
2 
2 
2 
2 
2 
2 
2 
2 
2 
2 
1 1250
2 1250
3 1250
2 
2 
2 
2 
2 
2 
2 
2 
2 
2 
2 
2 
1 -1050
2 -1050
3 -1050
2 
2 
2 
2 
2 
2 
2 
2 
2 
2 
2 
2 
2 
2 
2 
2 
2 
2 
2 
2 
2 
2 
2 
2 
2 
2 
2 
2 
2 
2 
2 
2 
2 
1 1250
2 1250
3 1250
1 1250
2 1250
3 1250
1 1250
2 1250
3 1250
1 1250
2 1250
3 1250
1 1250
2 1250
3 1250
2 
2 
2 
2 
2 
2 
2 
2 
2 
2 
2 
2 
2 
2 
2 
2 
2 
2 
2 
2 
2 
2 
2 
2 
2 
2 
2 
2 
2 
2 
1 -12550
2 -12550
3 -12550
2 
2 
2 
2 
2 
2 
2 
2 
2 
2 
2 
2 
2 
2 
2 
2 
2 
2 
2 
2 
2 
2 
2 
2 
2 
2 
2 
2 
2 
2 
2 
2 
2 
2 
2 
2 
2 
2 
2 
2 
2 
1 -6000
2 -6000
3 -6000
2 
2 
1 -1050
2 -1050
3 -1050
1 -50
2 -50
3 -50
2 
2 
2 
2 
1 -3050
2 -3050
3 -3050
1 -3050
2 -3050
3 -3050
2 
2 
2 
2 
2 
2 
2 
2 
2 
2 
1 -7050
2 -7050
3 -7050
1 -1200
2 -1200
3 -1200
2 
1 -1200
2 -1200
3 -1200
2 
2 
2 
2 
2 
2 
2 
2 
2 
2 
2 
2 
2 
2 
2 
2 
2 
2 
1 -1550
2 -1550
3 -1550
2 
2 
2 
2 
2 
2 
2 
2 
2 
2 
2 
2 
2 
2 
2 
2 
2 
2 
2 
2 
2 
2 
2 
2 
2 
2 
2 
2 
2 
2 
2 
2 
2 
1 -1050
2 -1050
3 -1050
2 
2 
2 
1 -550
2 -550
3 -550
2 
1 -1050
2 -1050
3 -1050
2 
2 
1 -1050
2 -1050
3 -1050
2 
2 
2 
2 
2 
2 
2 
1 -1050
2 -1050
3 -1050
2 
2 
2 
2 
2 
2 
1 -1050
2 -1050
3 -1050
2 
2 
2 
2 
2 
2 
2 
2 
2 
1 -1050
2 -1050
3 -1050
2 
2 
1 -12550
2 -12550
3 -12550
2 
2 
2 
2 
2 
2 
2 
2 
2 
2 
2 
2 
2 
2 
2 
2 
2 
2 
2 
2 
2 
2 
2 
2 
2 
2 
1 1250
2 1250
3 1250
2 
2 
2 
2 
2 
2 
2 
2 
2 
2 
2 
2 
2 
2 
2 
2 
2 
2 
2 
2 
2 
2 
2 
2 
2 
2 
2 
2 
2 
2 
2 
2 
2 
2 
2 
2 
2 
2 
2 
2 
2 
2 
2 
2 
2 
2 
2 
2 
2 
2 
2 
1 -650
2 -650
3 -650
2 
2 
2 
2 
2 
2 
2 
2 
2 
2 
2 
2 
2 
2 
2 
2 
2 
2 
2 
2 
2 
2 
2 
2 
2 
2 
2 
2 
2 
2 
2 
2 
2 
2 
2 
2 
2 
1 -12550
2 -12550
3 -12550
2 
2 
2 
2 
2 
2 
1 -1050
2 -1050
3 -1050
1 -4050
2 -4050
3 -4050
2 
2 
2 
2 
2 
2 
2 
2 
2 
2 
2 
2 
2 
1 -12550
2 -12550
3 -12550
2 
2 
2 
2 
2 
1 -8050
2 -8050
3 -8050
2 
2 
1 -8050
2 -8050
3 -8050
2 
2 
2 
2 
2 
1 -8050
2 -8050
3 -8050
2 
2 
2 
2 
2 
2 
2 
2 
2 
2 
2 
2 
2 
2 
2 
2 
2 
2 
2 
2 
2 
2 
2 
2 
2 
2 
2 
2 
2 
2 
2 
2 
2 
2 
2 
2 
2 
2 
2 
2 
2 
2 
2 
2 
2 
2 
2 
2 
2 
2 
2 
2 
2 
2 
2 
2 
2 
2 
2 
2 
2 
2 
2 
2 
2 
2 
2 
2 
2 
2 
2 
2 
2 
2 
2 
2 
2 
2 
2 
2 
2 
2 
1 -4050
2 -4050
3 -4050
2 
2 
1 -7050
2 -7050
3 -7050
2 
2 
2 
2 
2 
1 -3050
2 -3050
3 -3050
1 -7050
2 -7050
3 -7050
1 -7050
2 -7050
3 -7050
1 -7050
2 -7050
3 -7050
2 
1 850
2 850
3 850
1 -6550
2 -6550
3 -6550
1 850
2 850
3 850
2 
1 850
2 850
3 850
2 
2 
2 
1 1250
2 1250
3 1250
1 1250
2 1250
3 1250
1 1250
2 1250
3 1250
1 1250
2 1250
3 1250
2 
1 1250
2 1250
3 1250
2 
2 
2 
2 
1 1250
2 1250
3 1250
1 -250
2 -250
3 -250
2 
2 
1 -6550
2 -6550
3 -6550
2 
2 
2 
2 
2 
2 
2 
2 
2 
2 
2 
2 
1 -50
2 -50
3 -50
2 
1 -550
2 -550
3 -550
2 
2 
2 
2 
2 
2 
2 
2 
1 -7699
2 -7699
3 -7699
2 
2 
2 
2 
2 
2 
2 
1 -7699
2 -7699
3 -7699
2 
1 -3050
2 -3050
3 -3050
2 
2 
2 
2 
2 
1 -1050
2 -1050
3 -1050
2 
2 
2 
2 
2 
1 -2050
2 -2050
3 -2050
2 
2 
2 
2 
2 
1 1250
2 1250
3 1250
2 
2 
2 
2 
1 -550
2 -550
3 -550
2 
1 -4050
2 -4050
3 -4050
2 
2 
2 
2 
2 
2 
2 
2 
2 
1 -4050
2 -4050
3 -4050
2 
2 
2 
2 
2 
2 
2 
2 
2 
1 850
2 850
3 850
2 
2 
2 
2 
2 
1 1250
2 1250
3 1250
2 
2 
2 
2 
2 
2 
2 
2 
2 
2 
2 
2 
2 
2 
2 
1 850
2 850
3 850
2 
2 
2 
2 
2 
2 
2 
2 
2 
2 
2 
2 
2 
2 
2 
2 
2 
2 
2 
2 
2 
2 
2 
2 
2 
2 
2 
2 
2 
2 
2 
1 -1050
2 -1050
3 -1050
2 
2 
2 
2 
1 -1050
2 -1050
3 -1050
2 
2 
2 
2 
2 
2 
2 
2 
2 
2 
2 
2 
2 
2 
2 
2 
1 -5050
2 -5050
3 -5050
2 
2 
2 
2 
2 
2 
2 
2 
2 
2 
2 
2 
2 
2 
2 
2 
2 
2 
2 
1 -12550
2 -12550
3 -12550
2 
1 -12550
2 -12550
3 -12550
1 -1050
2 -1050
3 -1050
1 -12550
2 -12550
3 -12550
2 
1 -1050
2 -1050
3 -1050
1 -12550
2 -12550
3 -12550
2 
2 
2 
2 
2 
2 
1 -12550
2 -12550
3 -12550
2 
2 
2 
2 
2 
2 
2 
2 
2 
1 -12550
2 -12550
3 -12550
2 
2 
2 
1 -12550
2 -12550
3 -12550
1 -1050
2 -1050
3 -1050
2 
2 
2 
2 
2 
2 
2 
2 
2 
2 
2 
2 
2 
2 
2 
2 
2 
2 
2 
2 
2 
2 
2 
2 
2 
2 
2 
2 
2 
1 -2050
2 -2050
3 -2050
1 -250
2 -250
3 -250
1 -8050
2 -8050
3 -8050
1 -2050
2 -2050
3 -2050
1 -250
2 -250
3 -250
2 
1 -5050
2 -5050
3 -5050
2 
1 -12550
2 -12550
3 -12550
1 -250
2 -250
3 -250
1 -2050
2 -2050
3 -2050
1 -8050
2 -8050
3 -8050
1 -5050
2 -5050
3 -5050
2 
1 -5050
2 -5050
3 -5050
2 
2 
1 -5050
2 -5050
3 -5050
1 -2050
2 -2050
3 -2050
1 -1050
2 -1050
3 -1050
1 -5050
2 -5050
3 -5050
1 -5050
2 -5050
3 -5050
1 -12550
2 -12550
3 -12550
2 
2 
1 -1050
2 -1050
3 -1050
1 -5050
2 -5050
3 -5050
1 -12550
2 -12550
3 -12550
2 
2 
2 
1 -8050
2 -8050
3 -8050
2 
2 
1 -5050
2 -5050
3 -5050
2 
2 
2 
2 
2 
2 
2 
1 -12550
2 -12550
3 -12550
1 -1050
2 -1050
3 -1050
1 -12550
2 -12550
3 -12550
2 
2 
2 
1 -2050
2 -2050
3 -2050
1 -8050
2 -8050
3 -8050
2 
2 
1 -8050
2 -8050
3 -8050
2 
2 
2 
2 
1 -250
2 -250
3 -250
2 
2 
1 -5050
2 -5050
3 -5050
1 -250
2 -250
3 -250
1 1250
2 1250
3 1250
2 
1 -250
2 -250
3 -250
2 
2 
2 
1 -550
2 -550
3 -550
2 
2 
2 
2 
1 -12550
2 -12550
3 -12550
1 -250
2 -250
3 -250
2 
2 
2 
2 
2 
2 
2 
2 
2 
2 
2 
2 
2 
2 
2 
2 
2 
2 
2 
2 
2 
2 
2 
2 
2 
2 
2 
2 
2 
2 
2 
2 
2 
2 
2 
2 
2 
2 
2 
2 
2 
1 -8050
2 -8050
3 -8050
2 
2 
2 
2 
2 
2 
2 
2 
2 
2 
2 
2 
2 
2 
2 
2 
2 
2 
2 
2 
2 
2 
2 
2 
2 
2 
2 
2 
1 -250
2 -250
3 -250
1 -1050
2 -1050
3 -1050
2 
2 
2 
2 
2 
2 
2 
1 -8050
2 -8050
3 -8050
2 
2 
2 
2 
2 
2 
2 
2 
2 
2 
2 
2 
2 
2 
2 
2 
2 
2 
2 
2 
2 
2 
2 
2 
2 
2 
2 
2 
2 
2 
2 
2 
2 
2 
2 
2 
2 
2 
2 
2 
2 
2 
2 
2 
2 
2 
2 
1 -2050
2 -2050
3 -2050
1 -4050
2 -4050
3 -4050
1 -7050
2 -7050
3 -7050
2 
2 
1 -250
2 -250
3 -250
2 
2 
2 
2 
2 
2 
2 
1 -250
2 -250
3 -250
1 -650
2 -650
3 -650
2 
2 
2 
2 
1 -7050
2 -7050
3 -7050
2 
2 
2 
2 
2 
2 
2 
2 
2 
2 
2 
2 
2 
2 
2 
1 -12550
2 -12550
3 -12550
1 -250
2 -250
3 -250
2 
2 
1 -1050
2 -1050
3 -1050
1 -1050
2 -1050
3 -1050
1 -1050
2 -1050
3 -1050
2 
1 -3050
2 -3050
3 -3050
2 
2 
2 
2 
2 
2 
2 
2 
2 
2 
2 
2 
2 
2 
2 
2 
2 
2 
2 
2 
2 
2 
1 -12550
2 -12550
3 -12550
2 
2 
2 
2 
2 
2 
2 
2 
2 
2 
2 
2 
2 
1 1250
2 1250
3 1250
1 1250
2 1250
3 1250
2 
2 
2 
2 
2 
2 
2 
2 
2 
2 
2 
2 
2 
2 
2 
2 
2 
2 
2 
2 
2 
2 
2 
2 
2 
2 
2 
2 
2 
2 
1 -250
2 -250
3 -250
1 -250
2 -250
3 -250
2 
2 
2 
2 
2 
2 
2 
1 -250
2 -250
3 -250
2 
2 
2 
2 
2 
