5 By County or Area.xls

Area
Texas County
Aransas
Armstrong
Atascosa
Austin
Bandera
Bastrop
Bee
Bell
Bexar

Blanco
Brazoria
Brewster
Brooks
Burnet
Caldwell
Calhoun
Cameron
Chambers
Cherokee
Cochran
Coke

STAA LA TIERRA INDEX 1974 - 2003
--- BY COUNTY OR AREA --Rec #
301
610
92
404
638
157
3
368
11
182
180
15
62
153
262
387
458
562
655
67
228
288
645
502
92
153
95
605
68
648
510
162

648
102
411
645
299
12
381
29

106 107 110 119 200 202 334 350
448 463 481 540 557 562 616 635
602
118
442
91

613 619 645
152 153 158 159 231 250 275
609 635 636 672
562

275
22
63
176
277
398
459
570
661

395
23
73
177
300
399
460
575
666

510
26
77
191
304
401
461
576
669

562
33
92
192
336
409
484
579
670

616
34
104
194
361
423
491
611

631
36
108
208
366
425
506
617

652
42
119
219
369
442
521
625

658
55
121
225
373
452
533
636

58
122
257
381
457
557
638

474 509 602 613
312
553
619
132 153 390 472 546 593 594 595 599
606 607 608 612 644 646
283 602 613
203 204 207

Page 1

5 By County or Area.xls
Coleman
Colorado
Comal
Comanche
Concho
Coryell
Crane
Crockett
Crosby
Dallas
Dawson
Delta
DeWitt
Dimmit
Duval
Edwards
Ellis
Encinal
Falls
Fayette
Floyd
Fort Bend
Frio
Gaines
Galveston
Garza
Gillespie
Goliad
Grimes
Gonzales
Guadalupe
Hamilton
Hardin
Harris

81
254
118
153
392
522
591
112
146
153
648
153
7
56
639
66
281
521
654
153
109
147
153
618
648
462
610
55
270
668
64
602
470
537
397
602
100

392
273 327 645
119 134 153 309 600 635 662 669
223 331
646
532 547 624
150 151
360 379
9
74 75 175 575 580 645 649
65 92 95 112 153 247 320 389 584
645 651
153 229 237 385 408 438 653 654
359
331
153 161 163 322 468 645
148
574 602 613 619 628
645 657 672
602 613
82 84 93 103 119 141 200 241 261
292 296 326 330 417 548 581 635 664
92 101 153 321 604
613
572 598
562 618
613
153 155 187 375 529 574

602 613 615

Page 2

5 By County or Area.xls
Hays
Hidalgo
Hockley
Hood
Howard
Jackson
Jasper
Jeff Davis
Jefferson
Jim Wells
Karnes
Kendall
Kenedy
Kent
Kerr

Kimble
Kinney
Kleberg
Lampasas
LaSalle
Lavaca
Liberty
Limestone
Live Oak
Llano
Madison
Martin
Mason
Matagorda
Maverick
McCulloch
McLennen

38
95
149
92
648
7
602
338
382
21
9
20
290
232
610
43
201
467
636
275
4
95
486
61
445
602
92
37
365
502
76
648
648
619
92
41
153

80 99 119 189 227 276 352
310 438 583 612 645

574 635

497 667
613
413 602 613 628 659
153 154 217 645
10 92 221 246 480 575 645 670
55 58 92 170 222 232 251 258 286
319 339 488 499 662
54 63 92 119 184 185 186 199 200
216 240 275 316 340 401 407 414 466
485 492 501 530 554 562 589 596 635
574
119
153
562
95
645
613
510
86
463
516

153 169 280 635 645 672
197 232 648
113 116 117 153 209 229

653 654

119 153 178 200 211 278 313 314
575 584 635 645
562

672
95 153 438 575 639
272

Page 3

5 By County or Area.xls
McMullen

Medina
Menard
Midland
Milam
Montgomery
Newton
Nueces
Oldham
Orange
Pecos
Polk
Rains
Randall
Reagan
Real
Red River
Refugio
Rio Grande
Ross
Runnels
San Augustine
San Jacinto
San Patricio
San Saba
Scurry
Starr
Tarrant

5
62
271
640
40
356
638
78
516
39
474
602
21
293
528
610
602
164
464
153
610
437
24
153
92
287
360
392
435
602
18
496
153
153
95
612
444

25
64
275
645
119
373
645
275

30
89
278
653
152
381
657

92
602
613
87
306
648
641
613
275
602

510
613

31
94
315
654
156
386

32 37 49 50 60 61
102 136 153 178 214 229
374 404 463 630 636 638
165 231 257 284 346 349
402 421 583 618 635 636

95 137 153 217 232 255 265 268
323 332 370 374 391 446 479 503
649 654
560
613

547
119 129 140 153 275 393 636

613
19 46 85 92
586 670 675

95 153 171 297 325

138 238 335 390 408 416 429 487 507
620 645 655 658 670 673
601

Page 4

5 By County or Area.xls
Terrell
Terry
Tom Green
Travis
Tyler
Upshur
Uvalde
Val Verde

Victoria

Walker
Waller
Washington
Webb
Wharton
Willacy
Willacy
Williamson
Wilson
Zapata

Zavala

153
648
499
11
561
602
648
6
212
615
12
266
477
636
7
105
383
646
464
602
602
1
172
645
602
153
310
27
115
670
17
483
612

253 312 324 344 354 371 449 541
92 153 171 180 275 345 504 543 545
562 662
613
54
226
635
52
275
524

58
275
636
92
291
539

92
307
645
153
312
559

119
317
657
168
353
565

128
377
672
190
358
571

129 153 167 200
441 521 540 550
195 220 245 253
362 364 388 469
577 587 614 623

8
133
447
649
499
613
613
2
229
651
613
310

9
173
475
650
602

16
174
476
660
613

35
179
497
663

55
218
505
669

64 91 92 101
285 297 329 367
619 629 634 644
674

645
4
47 66 79 92 111 135 153
264 318 408 592 612 622 627 639
653 654 671
619 625 628

92 93 171 180 420
303 337 496 517 525
672
92 95 145 238 390
487 511 523 527 531
622 627 645 647 654

51 70 72
615 645

502 665
533 548 645 658
408 416 429 438
543 544 556 569
655 670 671 673

92 153 167 218 279 454 575

Page 5

5 By County or Area.xls
Texas Area
Big Bend
Central Texas
Central Texas Coast
East Texas
Falcon Lake
Lower Pecos
Lower Rio Grande
Lower Texas Coast
Panhandle
South Texas
Southeast Texas
Texas
Upper Texas Coast
West Texas
State/Country
Australian Outback
Belize
Idaho
Mexico
Mexico, Coahuila
Mexico, Hidalgo
Mexico, northeastern
Mexico, Nuevo Leon
Mexico, Tamaulipas

Missouri
Montana

282
223
562
236
267
472
592
287
287
607
236
640
244
427
630
555
410
160
302
244
193
583
196
328
654
599
495
455
419
531
569
645
590
659

655
256
573
242
347
490
612
406
431
608
242

263
631
248
380
494
620
565
440
612
248

302
652
249
427
495
621
587
495
622
259

342 380 412 515 548 557
659
294 363 482 552 548

267
451
640
588
439
588

269
456
653
613
526
613

302
512
654
619
566
628

305 311 342 347 380 405
515 519 520 548 551 568

508
622
592
536

543
627
614
546

551 556 569 584
673
623
593 599 605 606

363 552

625
670

405 434
659
213 215 661
406 424 433 500 513 520 578 623 653
526
465
429
535
584
647

568
592
472
538
592
651

623
615
489
540
599
670

622
498
542
603

651
507
543
612

655
512 514 518 519
544 546 551 552
620 621 622 627

Page 6

5 By County or Area.xls
Nevada
New Mexico
Nicaragua

640
640 641
436

North America, southern 396
South Dakota
333
Washington
672

Page 7

