3 By Time Period.xls
STAA La Tierra Index 1974 - 2003
----BY TIME PERIOD---Period
Rec #
Historic

Protohistoric
Late Prehistoric

Prehistoric

Austin phase
Archaic

10
68
95
131
191
242
304
343
459
540
593
612
664
462
2
49
104
135
169
222
255
283
305
368
394
431
483
518
573
613
647
16
586
625

11
72
103
133
192
248
306
345
460
545
594
614
668
610
3
51
108
137
172
227
258
284
310
371
395
433
484
527
578
617
656
127
589
631

22
76
113
144
194
249
315
362
461
553
595
617
669

23
77
114
146
198
251
321
365
476
559
603
622
673

24
78
120
147
215
257
323
370
491
567
604
623
676

33
79
121
150
226
262
324
390
493
568
605
633

36
83
122
157
228
272
325
421
497
579
606
653

37
84
125
160
231
273
326
455
505
580
607
654

39
85
126
168
236
293
333
457
509
586
608
661

40
86
128
176
238
295
335
458
523
589
611
663

4
54
110
138
175
232
259
285
320
373
400
434
486
535
583
621
657
309
597
645

10
56
113
148
182
237
264
286
332
374
401
438
489
543
584
627
665
508
602
648

29
66
114
152
186
245
265
287
334
385
406
442
498
544
588
634
666
515
603
651

31
67
115
155
199
246
267
296
338
386
407
445
500
550
592
635
667
544
611
659

32
82
116
157
200
247
271
297
344
387
408
454
501
552
599
636
671
546
614
664

35
85
118
158
201
250
276
299
349
389
410
455
502
556
600
641
674
563
620

38
86
119
160
202
251
277
301
350
391
424
469
503
569
602
644

40
87
134
166
208
253
280
302
352
392
427
470
512
570
609
645

522
3
31
55
114
152
167
185
219
243
276
310
329

4
32
62
116
154
168
186
220
250
280
311
330

6
34
75
118
155
169
199
221
254
286
314
338

8
35
87
129
156
170
201
225
255
291
316
339

13
36
91
135
157
171
202
227
258
292
317
340

15
38
99
137
159
172
203
229
261
296
318
342

17
40
102
138
160
174
208
233
266
299
320
344

19
43
104
140
162
175
211
238
267
300
322
348

26
51
110
141
164
182
212
239
268
301
327
349

Page 1

572 577
622 623

29
52
112
151
166
184
214
241
275
309
328
352

3 By Time Period.xls

Early Ceramic
Early Archaic
Middle Archaic
Late Archic
Paleo

Late Wisconsin
Pleistocene

363
394
420
475
502
541
564
630
674
628
587
655
536
634
575
645
1
25
81
109
149
238
292
330
366
410
448
510
560
615
670
100
446

364
395
423
479
504
542
565
635

367
396
434
480
506
543
569
638

371
401
437
481
511
544
573
644

375
405
438
482
514
547
574
646

377
407
447
485
518
548
584
650

380
409
451
486
524
554
592
656

386
410
454
488
528
556
598
657

388
414
455
489
530
561
602
667

389
417
470
492
532
562
629
672

602
666
537
644
602
666
5
26
92
110
157
240
294
331
379
411
463
516
569
616
672

603 615 618 628 630 634 638 645
581 584 587 598 602 609 621 630
645 666 675
609 613 619 627 628 630 634 641
7
29
93
111
158
251
297
336
382
413
464
517
571
628

8
30
94
114
160
261
303
337
386
417
466
519
573
629

9
35
98
117
164
269
309
339
389
420
474
525
576
630

Page 2

12
38
101
136
168
270
313
346
394
425
475
529
581
634

15
43
102
138
169
278
316
347
395
435
482
531
584
645

18
63
105
145
170
279
319
354
398
438
496
533
591
650

20
73
106
146
209
288
322
360
399
439
499
543
600
662

21
74
107
147
225
291
327
361
404
444
506
557
602
665

3 By Time Period.xls

Page 3

3 By Time Period.xls

Page 4

