7 By Point Type.xls

STAA LA TIERRA INDEX 1974 - 2003
----BY POINT TYPE---Point Type
Rec #
Abasolo
Alba
Almagre
Andice
Angostura

Anthon
Axtell
Baird
Baker
Bandy
Barber
Bell
Bonham
Bulverde
Calf Creek
Cameron
Caracara
Carrizo
Carrollton
Castroville
Catahoula

3
544
38
155
171
554
646
5
94
251
475
212
380
638
618
291
93
19
389
657
49
15
338
646
151
232
408
621
214
634
15
577
613

110
556
110
238
239
563
652
7
106
270
506

Rec #

135
584
613
348
263
581
655
15
107
279
581

152
592
629
544
268
592
657
18
109
288
630

158 214 238 255 297 328
598 603 618 630 645 651

389
151
506
667
603
158
389
667
618
599
518
645

425
214 238 239 263 268 317 376
544 563 581 584 631 652 655
670

581
317
603
658
20
110
309
634

584
322
612
670
21
145
327
665

630
376 475 506 543
618 630 631 645
30
152
330
666

43 63 73
158 164 170
389 394 420
672

384
412
270
35
475
658
66
29
352
664
268
238
483
627

172 214 238 241 250 261 330
445 543 581 589 609 618 629
631 655 657 658 670
527 542 556 584 592 603 612

38 169 241 258 317 340 377 543 573
603 609 618 630 666

Page 1

7 By Point Type.xls

Catan
Censor
Charcos
Clear Forl (tool)
Cliffton
Clovis

Clovis, obsidian
Conejo
Cuney
Dalton
Darl
Desmuke
Devils Triangular
Duran
Early Triangular
Eden
Edgewood
Edwards
Elam
Ellis
Ensor

Espantosa

214
618
638
268
7
395
650
2
635
18
303
425
601
12
389
201
389
116
573
110
587
328
615
38
110
3
202
636
629
155
667
3
258
389
581
666
328

238 255 328 528 544 556
621 627 638 645 651

584 592 603

603 655
15 17 29 56 75 107 135 172 297
454 504 506 510 603 615 618 630 645
38
636
20
309
435
616
294

134
651
74
331
466
628

483 518 535 542

592 603 630

64
339
474
638

240
395
533
672

109
346
499
659

146
360
519
662

149
386
529
670

251 297
411 420
557 558
674

461
439 543 631
118 214 255 276 296 330 445 470 486
574 583 613 629 635 667
154 214 238 255 389 506 544 584 651
655
629
214 258 573 598 629 638 667
40 49 54 66 108 119 134 200 201
232 251 258 296 389 394 583 618 635
666
338 544 573 574 575 598 603 613 619
15
276
445
587
667

26
296
454
592
675

38
299
461
609

67
320
486
613

116
327
543
618

214
328
573
619

230
338
574
629

241
352
575
630

Page 2

255
377
577
645

7 By Point Type.xls

Fairland
fake
Figueroa
Folsom
Form 1 (Maud)
Form 4
Form 1, untyped dart point
Form 2, untyped dart point
Form 3, untyped dart point
Form 4, untyped dart point
Fresno
Frio

Gagahan
Gary
Garza
Godley
Golondrina
Gower
Guadalupe tool
Guerrero
Harrell
Hoxie
Jora
Jetta
Kay

158
618
590
169
30
425
591
612
612
667
667
667
667
2
612
3
251
485
648
110
638
328
470
5
105
291
18
214
15
572
389
66
330
587
55
648

214 258 276 480 543 573 574
635 645 666

575 581

63 94 111 232 291 313 336 337 379
438 444 463 510 516 517 519 563 571
592 662 670

110
629
15
255
573

137
635
38
258
575

172
636
118
270
577

232
651
135
317
609

238 483

158 167 172 214 250
320 328 377 389 445
615 618 629 635 666

135 172 238 338 544 574
629
8
106
328
29
250
62
618
461
169

18
107
386
55
346
172
630
483
603

29
136
425
90
475
218

38
145
445
91
504
225

584 592 603

63
238
475
99
581
233

73
270
612
158
615
318

592 613 619

92
278
634
159
638
397

94 101
279 288
170 180
481 561

592 603

Page 3

7 By Point Type.xls

Kent
Kinney

155 157 214 528 574 613 619 629 645
8
29 238 276 377 486 543 573 630 634

La Jita
Lange

3
15
664
15
544
99
651
278
49
29
461
15
575

58 317 340 386 581 609
214 251 377 389 537 543 584 609 645

116
575
38
581

118
598
251
609

221
609
276
619

29
609
75
618
612
232
13
5
262
103
324
516
648
3
573
116
470
3
261
666

241
615
172
621

250
618
238
627

251 258 317 389 573 587 598
629
255 328 544 556 584 592 603
629 630 645 651

483
58
35
306
122
333
560

475 634
325
133 150 223 226 272 273 293 323
345 370 421 540 592 612
618

Langtry
Lerma
Levi
Livermore
Marcos
Marshall
Martindale
Matamoros
Maud (Form 1)
McGloin
Medina
Meserve
metal (brass)
metal (iron)
Midland
Mineral Springs
Montell
Morhiss
Morrill
Nolan

135 169 214 238 258 261 291 328 338
575 584 587 592 603 609 615 618 651
135 172 238 261 288 573 584 615 629

15
575
574
629
6
270

230
618
340
629

270
667
352
635

317 338 352 386
670
377 470 485 573
664 666

43 241 250 275 339 340 377 543
581 609 618 635 666
619 629 645
15 26 38 67 250 251 255 258
317 340 386 394 543 587 609 664

Page 4

7 By Point Type.xls

Nueces (biface tool)
Orchard
Paisano
Palmillas
Pandale
Pandora
Pedernales

Perdiz

Plainview

Plainview, obsidian
point, bone
point, ceremonial
point, corner notched
point, early stemmed
point, eccentric
point, fluted
point, fragments
point, lanceolate
point, massive barbs
point, obsidian
point, pentagonal
point, rectangular
point, reed
point, serrated
point, side notched

603
117
288
155
99
238
3
251
414
589
666
2
135
268
461
592
635
1
94
270
395
12
413
581
7
255
581
25
209
1
416
294
638
7
113
612
2

618 651
268
291
544
15
258
445
609
667
35
137
296
483
597
636
5
101
278
420

330
377
584
35
261
461
615

338
587
592
38
276
470
618

573
592
603
43
311
486
619

592
630
630
110
317
504
629

613 618
651
140
340
543
634

141
352
555
635

157
377
573
645

241
394
581
664

38
155
297
518
603
666
18
105
279
425

49
169
305
528
612
667
21
106
309
448

51
172
328
535
613

56
182
373
542
618

66
202
389
543
619

67
232
394
556
629

116
238
445
577
630

134
251
454
583
634

26
109
327
475

30
136
328
584

35
157
354
592

73
158
361
634

81 92
169 238
366 389
670

619 645
35

619

629 630 645

638
638 670
583

619

Page 5

7 By Point Type.xls

point, stemmed
point, stemmed, large
point, triangular
point,asphaltum
Refugio
Sabinal
San Fabian
San Patrice
Scallorn

Scottsbluff
Shumla
Starr
St. Mary's Hall
Tortugas

Toyah
Travis
Trinity
Uvalde
Val Verde
Victoria
Washita
Wells
Williams
Yarbrough
Young

7
416
3
475
175
35
129
592
464
3
135
296
583
636
8
531
15
655
232
670
6
330
603
650
49
603
6
581
629
29
291
297
148
330
485
574
238

7
609
629
75
377

35
67 113 158 201 202 328 389
615 621 629 635 670
238 255 537 584 629 630 634
587 635 636

558
4
152
305
609
641
9
634
238

27
157
320
612
645
35
670
328

29
169
328
613
651
38

35
182
352
615
665
73

38
201
400
618
667
94

49
202
445
627
675
404

51
232
461
629

66
250
470
634

119
251
543
635

420 425 475

544 556 575 577 587 592 603

238 328 483 548 542 544 556

592 603

135
377
615
651
66
612
15

137 170 172 238 255 258 261 328
389 511 537 544 556 584 592 598
618 621 627 629 630 634 638 645

99
577
425
238
543
486
613
592

258 317 352 504 573
587
475

328 371 389 483 518 542 556 592
647
152 250 261 327 330 470 506 573
581 587 618

581
573 581 618 619 629
630 636 651

Page 6

7 By Point Type.xls

Zavala
Zephyr
Zorra

35 51
528
587

169 575 592 615 634

Page 7

