BURIAL SIDE BODY HT CAL LOAD ARM WIDTH CAL MAX LENGTH TALUS MAX WIDTH TALUS
1
0
52
44
58
44
3
1
42.5
42
48.5
40.5
3
2
45
42
51.5
40
8
0
0
0
58
48
41
0
0
0
49.8
35.9
63
2
42
36
60.5
43
146
0
0
0
48
36.5
175
0
47.5
44.5
47
42
182
0
0
0
48.5
36
185
0
0
0
51.8
40
192
0
0
0
51.5
40.5
194
1
0
0
51.5
35.5
198
0
49.5
42.5
63
47.5
370
0
45
27
46
0
372
0
0
0
51.1
49.9

TROCH WIDTH TALUS TROCH LENGTH TALUS BODY HT TALUS
35.5
41.5
33.5
33
34.5
29.5
32.5
34.5
29.5
14.5
33
37
25.2
30
30.7
32
37
31
13
25
27
32.5
35
31.5
10
25
29
14
31.7
28.3
34.5
35
32
32.5
33
33
35.5
37.5
32.5
0
0
0
13.5
35
0

